266
267
268
269
271
271
273
273
274
275
276
277
278
279
280
281
282
283
284
285
285
287
288
289
289
290
291
292
293
294
294
295
295
296
297
297
298
298
299
299
300
301
301
302
303
303
304
304
305
306
306
306
307
307
307
308
308
309
309
309
310
310
310
311
311
311
312
312
313
313
313
313
314
314
314
314
315
315
314
315
315
315
315
315
316
316
316
316
316
317
317
317
318
317
318
318
318
318
319
319
319
319
319
319
320
320
320
320
320
320
320
320
320
320
320
320
320
320
320
320
320
320
320
320
319
319
319
319
319
318
319
319
318
318
318
318
318
318
318
319
318
319
318
318
318
318
318
318
318
318
317
317
317
316
317
316
316
316
316
316
316
316
316
316
316
316
316
316
315
315
315
315
315
316
315
316
315
315
315
315
315
315
315
315
315
315
315
315
316
316
316
315
316
315
315
315
315
315
315
315
315
314
314
314
314
315
314
314
314
314
314
314
314
314
314
314
314
314
315
315
315
316
315
316
316
316
316
316
316
316
316
317
317
317
317
317
317
317
317
317
318
318
318
318
318
318
319
318
319
319
319
319
319
320
320
320
320
320
320
320
320
320
320
320
320
320
320
320
321
320
321
320
320
320
320
321
321
321
321
321
321
321
322
321
322
322
321
322
321
322
322
322
322
322
322
322
322
322
322
323
323
323
323
323
323
323
323
323
323
323
324
324
324
324
324
324
324
325
325
325
325
325
325
325
326
326
326
326
326
326
326
326
326
326
326
326
326
326
326
326
326
326
326
326
326
327
326
327
326
327
326
326
326
326
326
326
326
326
326
326
326
326
326
326
326
326
326
326
326
326
326
326
325
325
325
325
325
325
325
325
325
325
325
325
325
325
325
325
325
325
325
324
324
324
324
324
325
325
325
325
325
325
325
325
325
325
325
325
325
325
325
325
325
325
325
325
325
325
325
326
326
326
326
326
326
326
326
326
326
326
326
326
326
326
326
326
326
326
326
326
326
326
326
326
326
326
326
326
326
326
326
326
326
326
326
326
326
326
326
326
326
326
326
326
326
326
326
326
326
326
326
326
326
326
326
326
326
326
326
326
326
326
326
326
326
326
326
326
325
325
325
325
325
325
325
325
325
325
325
325
325
325
325
325
325
325
325
325
325
324
324
324
325
324
324
325
325
324
324
324
324
324
324
324
324
324
324
325
324
324
324
325
324
325
324
325
325
325
325
325
325
325
325
325
325
325
324
325
324
324
325
325
324
324
324
324
325
325
325
325
325
325
325
325
325
325
325
325
325
325
325
326
326
326
326
326
326
327
328
328
328
328
329
329
329
329
329
330
330
328
328
326
324
323
322
321
320
319
317
317
315
314
313
311
310
309
308
307
306
305
304
303
302
301
301
300
299
298
297
296
296
295
294
294
293
292
292
291
290
290
289
288
288
287
286
286
285
285
284
283
283
282
282
282
281
281
280
280
280
279
278
278
278
277
277
276
275
275
275
274
273
273
273
272
272
271
271
271
270
270
269
269
269
268
268
268
268
267
267
267
267
266
266
266
265
266
265
265
265
264
264
264
264
263
263
263
262
262
262
262
262
262
262
261
261
261
261
260
260
260
260
259
259
259
259
259
258
258
258
258
258
258
257
257
257
257
256
256
256
256
255
255
255
255
254
254
254
254
254
254
254
253
253
253
253
253
253
253
252
252
252
252
251
251
251
251
251
251
251
251
250
250
250
249
249
249
249
249
249
249
249
249
248
248
248
248
248
248
248
248
247
247
247
247
247
247
247
247
247
247
247
247
247
247
247
247
247
247
247
247
247
247
247
247
246
246
246
246
246
246
246
246
246
246
246
246
245
246
246
245
245
245
245
245
245
245
245
245
245
245
245
245
245
245
245
245
245
244
244
244
244
244
244
244
244
244
244
244
244
244
244
244
244
244
244
244
244
244
244
245
244
244
244
244
244
244
244
244
244
244
244
244
244
244
244
244
244
244
244
244
244
244
244
244
244
244
244
244
244
244
244
244
244
244
244
244
244
244
244
244
244
244
244
244
244
244
244
244
244
244
244
244
244
244
244
244
244
244
244
244
244
244
244
244
243
243
243
243
243
243
243
243
243
243
243
243
243
243
243
243
243
243
243
243
243
243
243
243
243
242
243
242
242
242
242
242
242
242
243
242
242
242
242
242
242
242
242
242
242
242
242
242
242
242
242
242
242
242
242
242
242
242
242
242
242
242
242
242
242
242
242
242
242
242
242
242
241
242
242
242
242
242
242
242
242
242
242
242
242
242
242
242
242
242
242
242
242
242
242
242
242
242
242
242
242
242
242
242
242
242
242
242
242
242
242
242
242
242
242
242
242
242
242
242
242
241
242
241
242
242
242
242
242
242
242
242
241
241
242
241
241
241
241
241
241
241
241
241
241
241
241
241
241
241
241
241
241
241
241
241
241
241
241
241
241
241
241
241
241
241
241
241
241
241
241
241
241
241
241
241
241
241
241
241
241
241
241
241
241
241
241
241
241
241
241
241
241
241
241
241
241
241
241
241
241
241
241
241
241
241
241
241
241
241
241
241
241
241
241
241
241
241
241
241
241
241
241
241
241
241
241
241
241
241
241
241
241
241
241
241
241
241
241
241
241
241
241
241
241
241
241
241
241
242
241
241
241
242
241
242
242
242
242
242
242
241
242
241
241
241
241
241
242
241
242
242
241
241
241
242
242
242
242
242
242
242
241
242
242
241
241
