239
239
239
239
238
238
238
237
237
237
237
237
236
236
236
235
235
235
235
235
235
234
234
234
234
234
233
233
233
233
233
233
233
232
232
232
232
232
231
231
231
231
231
231
231
231
230
230
230
230
230
229
229
229
229
229
229
229
229
228
228
228
228
228
228
228
228
228
228
227
227
227
227
227
227
227
226
226
226
226
226
226
226
226
226
226
226
226
226
225
226
225
225
225
225
225
225
225
224
224
225
224
224
224
224
223
224
224
224
224
224
224
223
223
223
223
223
223
223
223
222
222
222
223
222
222
222
222
222
222
222
221
222
222
222
221
221
221
221
221
221
221
221
221
221
221
221
221
221
221
221
221
221
220
220
220
220
220
220
220
220
220
220
220
220
220
220
220
220
220
220
220
220
220
220
220
220
220
220
220
220
220
220
220
220
220
220
220
219
220
220
220
219
220
220
219
219
220
220
219
220
220
219
220
220
220
219
219
220
219
219
219
220
219
219
219
219
219
219
219
219
219
219
219
219
219
219
219
219
219
219
219
219
219
219
219
219
219
219
219
219
219
219
219
219
219
218
218
218
218
218
218
218
218
218
218
218
218
218
218
218
218
218
218
218
218
219
218
218
218
218
218
218
218
218
218
218
218
218
218
218
218
218
218
218
218
218
218
218
218
218
217
217
218
217
218
218
218
218
218
217
218
217
218
217
217
217
217
217
217
217
218
217
217
217
217
217
217
217
217
217
217
217
217
217
217
217
217
217
217
217
217
217
217
217
217
217
217
217
217
217
217
217
217
217
217
216
217
217
216
217
217
217
217
217
216
217
216
217
216
216
216
216
216
216
216
216
216
216
216
216
216
216
216
216
216
216
216
216
216
216
216
216
216
216
216
216
216
216
216
216
216
216
216
216
216
216
216
216
215
215
215
215
215
215
215
215
215
215
215
215
215
215
215
215
215
215
216
215
216
215
215
216
215
215
215
215
215
216
215
215
215
215
215
215
215
215
215
215
215
215
215
215
215
215
215
215
215
215
215
215
215
215
215
215
215
215
215
215
215
215
215
215
215
215
215
215
215
215
215
215
215
215
215
215
215
215
215
215
215
215
215
215
214
215
215
215
215
215
214
214
215
215
215
215
215
215
215
214
214
214
215
214
215
214
215
214
215
214
214
214
214
215
214
214
215
214
215
214
215
214
214
214
214
214
214
214
214
214
215
214
214
214
215
215
215
214
214
214
214
214
215
214
215
214
215
215
214
214
215
215
214
214
214
215
215
214
215
215
215
215
215
215
215
215
215
215
215
215
215
215
215
215
215
215
215
215
215
215
215
215
215
215
215
215
215
215
215
215
215
215
215
215
215
215
215
215
216
215
215
215
215
216
215
216
216
216
216
216
216
216
216
216
216
216
215
216
216
216
216
216
216
216
216
216
216
216
216
216
216
216
216
216
216
216
216
216
217
216
216
217
217
216
216
216
216
217
216
216
216
216
217
217
217
217
216
217
217
217
217
217
217
217
217
217
217
217
217
217
217
217
217
217
216
217
217
217
217
217
217
217
217
217
217
217
217
217
217
217
217
217
217
217
217
217
218
217
218
217
218
218
218
218
218
218
218
218
218
218
218
218
218
218
218
218
218
218
218
218
218
218
218
218
218
218
218
218
218
218
218
218
218
218
218
218
218
218
218
218
218
219
218
219
219
219
219
219
219
219
219
219
219
219
219
219
219
219
219
219
219
219
219
219
219
219
219
219
219
219
219
219
220
219
220
220
220
219
220
220
220
219
220
220
220
220
220
220
220
220
220
220
220
220
220
220
220
220
220
220
220
220
220
220
220
220
220
220
220
220
220
220
221
220
220
220
220
220
221
220
220
220
221
220
220
220
220
221
220
220
220
220
220
221
220
220
220
220
220
220
220
220
220
220
220
220
220
220
220
221
221
220
221
221
220
221
220
221
221
221
221
221
221
221
221
221
221
221
221
221
221
221
221
221
221
221
221
221
221
221
221
221
221
221
221
221
221
221
221
221
221
221
221
221
221
221
221
221
221
221
221
221
221
221
221
221
221
221
221
221
221
221
221
221
221
221
221
221
221
221
221
221
221
221
221
221
221
221
221
221
222
221
222
221
222
221
221
222
221
222
222
222
222
222
222
221
222
222
222
222
221
222
222
222
222
222
222
222
222
222
222
222
222
222
222
222
222
222
222
222
222
222
222
222
222
222
222
222
222
222
222
222
222
222
222
222
222
222
222
222
222
222
222
223
222
222
222
222
222
222
222
223
222
222
222
223
222
222
222
222
222
222
222
222
222
223
222
222
222
222
222
222
222
222
222
222
222
222
223
223
223
222
223
223
223
223
223
223
223
223
223
223
223
223
223
223
223
223
223
223
223
223
223
223
223
223
223
223
223
223
223
223
223
223
223
223
223
223
223
223
223
223
223
223
223
223
223
223
223
223
223
223
223
223
223
223
223
223
223
223
223
223
223
223
223
223
223
223
223
223
223
223
223
223
223
223
223
223
223
224
223
224
223
223
223
223
224
224
223
223
224
223
224
224
224
224
224
224
224
224
224
224
224
224
224
224
224
223
224
224
224
224
224
224
224
224
224
224
224
224
224
224
224
224
224
224
224
224
224
224
224
224
224
224
224
224
224
224
224
224
225
225
226
226
226
227
228
228
228
228
229
229
230
230
230
231
231
231
231
232
232
233
233
234
234
234
234
235
235
235
236
236
236
236
237
237
238
237
238
239
239
239
239
240
240
240
240
241
241
242
242
242
242
243
243
244
243
244
244
245
245
245
245
246
246
246
247
247
247
247
247
248
248
248
248
249
249
249
249
249
250
250
250
250
250
251
251
251
251
252
252
252
252
252
252
253
253
253
253
253
253
253
253
254
254
254
254
254
254
254
254
254
254
254
255
255
255
255
255
255
255
255
256
255
256
256
256
256
256
256
256
256
256
256
256
256
256
256
256
256
257
257
257
257
257
257
257
257
257
257
257
257
257
258
257
257
257
257
257
257
257
258
258
258
258
258
258
258
258
258
258
258
258
258
258
258
258
258
258
258
258
258
258
258
258
258
258
258
258
258
258
258
259
259
259
259
259
259
259
260
260
260
260
260
260
260
260
260
260
260
260
260
260
260
260
260
260
260
260
260
260
260
260
260
260
260
261
260
261
260
260
261
260
261
260
261
261
261
261
261
261
261
261
261
261
261
261
261
261
261
261
261
261
261
261
261
261
261
261
261
262
262
262
262
262
262
262
262
262
262
262
262
262
262
262
262
263
263
262
262
262
263
262
262
262
263
262
263
263
263
263
263
263
263
263
263
263
263
263
263
263
263
263
263
263
263
263
263
263
263
263
263
263
263
263
263
263
263
263
263
262
262
262
262
262
262
262
262
262
262
262
262
262
262
262
262
262
262
262
262
261
261
261
261
261
261
261
261
261
261
261
261
260
260
261
261
260
260
260
260
260
260
260
260
260
260
260
260
259
259
259
259
259
259
259
259
259
259
258
259
259
258
259
258
258
258
258
258
258
258
258
258
258
258
258
258
258
258
258
258
258
258
257
257
257
258
257
257
258
257
257
257
257
256
257
257
256
256
257
256
256
256
256
256
256
256
256
256
256
256
256
256
255
256
256
255
255
255
255
255
255
255
255
255
255
255
255
255
255
255
255
255
255
255
255
255
255
255
255
254
255
254
254
254
254
254
254
254
254
254
254
254
254
254
254
254
254
254
254
254
254
254
254
253
254
253
253
254
254
254
254
254
254
253
253
253
253
253
253
253
253
253
253
253
253
253
253
253
253
253
253
253
253
253
253
253
253
253
253
253
253
253
253
252
252
252
252
252
252
252
252
252
252
252
252
252
252
252
253
252
252
252
252
252
252
252
252
252
252
252
252
252
252
252
252
251
252
252
251
252
251
251
251
251
251
251
251
251
251
251
251
251
251
251
251
251
250
250
250
250
250
250
250
250
250
250
249
250
249
249
249
249
249
249
249
249
249
249
249
249
249
249
249
249
249
248
248
248
248
248
248
248
248
248
248
248
248
248
248
248
248
248
248
248
248
247
247
247
247
247
247
247
247
247
247
247
247
247
247
247
247
247
247
247
246
246
246
246
246
246
246
246
246
246
246
246
246
246
246
246
246
246
246
246
246
246
246
246
246
246
246
246
246
246
246
246
245
246
245
245
245
245
245
245
245
245
245
245
245
245
245
245
245
245
245
245
245
245
244
245
245
245
244
245
245
244
244
244
245
245
244
245
245
244
244
244
244
244
244
244
244
244
244
244
244
244
244
244
244
244
244
244
244
244
244
244
244
244
244
244
244
244
244
244
244
244
244
244
244
244
244
244
244
244
243
243
243
243
243
243
243
243
243
243
243
243
243
243
243
243
243
243
243
243
243
243
243
243
243
243
243
243
243
243
243
243
243
243
243
243
243
243
243
243
243
243
243
243
243
243
242
243
242
243
242
243
242
243
243
243
243
242
242
243
242
243
242
243
242
243
243
242
243
242
243
243
243
243
243
243
242
242
243
242
242
242
242
242
241
241
241
241
241
240
240
240
240
240
239
239
239
239
238
238
238
238
238
237
237
237
237
237
237
236
236
236
236
236
235
235
235
235
235
235
235
234
234
234
234
234
234
234
234
233
233
233
233
233
233
232
233
232
232
232
232
232
231
231
231
231
231
231
231
231
231
231
231
231
231
231
231
230
230
230
230
230
230
230
230
230
230
230
230
229
229
229
229
229
229
229
229
229
229
228
229
228
228
228
228
228
228
228
228
228
228
228
228
228
228
228
227
227
227
227
227
227
227
227
227
227
227
227
227
226
227
227
227
227
226
226
226
227
226
226
226
226
226
226
226
226
226
226
226
226
226
226
226
226
226
226
226
226
226
226
225
226
225
225
225
225
225
225
225
225
225
225
225
225
225
225
225
225
225
225
225
225
225
225
225
225
225
225
225
225
225
225
225
225
224
225
225
224
225
224
224
225
225
224
225
224
224
224
224
225
224
224
225
224
225
224
224
224
224
224
224
224
224
224
224
224
224
224
224
224
224
224
224
224
224
224
224
224
224
224
224
224
224
224
224
224
224
223
224
224
224
224
224
223
224
224
224
224
224
223
223
224
224
224
224
223
224
224
224
224
223
223
224
224
223
223
224
224
224
224
224
224
224
224
224
224
224
225
225
225
225
225
225
225
225
226
226
226
226
226
226
226
226
226
226
226
227
226
227
227
227
227
227
227
227
227
228
228
228
228
228
228
228
228
228
228
228
228
228
228
228
229
229
229
229
229
229
229
229
229
230
230
230
230
230
230
230
230
230
230
230
230
230
231
231
231
231
231
231
231
231
231
231
231
231
231
231
231
231
231
232
232
231
231
231
232
232
232
232
232
232
232
232
232
232
232
232
232
232
232
232
232
232
233
233
233
233
233
233
233
233
233
233
233
233
233
233
233
233
233
233
234
234
233
233
233
233
234
234
234
234
234
234
234
234
234
234
234
234
234
234
234
234
234
234
234
234
234
234
234
234
234
234
234
234
234
234
234
234
235
235
235
235
235
235
235
235
235
235
235
235
235
235
235
235
235
235
235
235
235
235
235
235
235
235
235
235
235
235
235
235
235
235
235
235
235
235
235
235
235
235
235
235
235
235
235
235
235
235
235
235
235
235
235
235
235
235
235
235
235
235
235
235
235
235
235
235
235
235
235
235
235
235
235
235
235
235
235
235
235
235
235
236
235
236
235
235
235
236
235
235
236
235
235
236
235
235
235
235
235
235
235
235
235
236
235
235
235
235
235
235
235
235
235
235
235
235
235
235
235
235
236
236
235
235
236
235
235
235
235
235
235
235
235
235
235
235
235
235
235
235
235
235
236
235
235
235
236
235
236
235
235
236
235
235
235
236
236
236
235
236
235
235
236
235
235
235
236
236
235
235
236
235
235
236
236
235
236
235
235
236
236
235
236
235
236
235
235
235
235
236
236
235
236
235
235
235
236
235
235
235
236
236
236
235
236
235
235
235
236
236
235
235
235
236
236
235
236
235
236
235
235
235
236
235
235
236
236
235
235
235
235
235
235
236
235
236
236
236
235
235
236
235
236
236
235
235
235
236
235
235
235
235
235
236
235
235
235
235
235
235
236
235
236
235
235
235
235
235
235
235
235
235
235
235
235
235
235
235
235
235
235
235
235
235
235
235
235
235
235
235
235
235
235
235
235
235
235
235
235
235
235
235
235
235
235
235
235
235
235
235
235
235
235
235
235
235
235
235
235
235
235
235
235
235
235
235
235
235
235
235
235
235
235
235
235
235
235
235
235
235
235
235
235
235
235
235
235
235
235
235
235
235
235
235
235
235
235
235
235
235
235
235
235
235
235
235
235
235
235
235
235
235
235
235
235
235
235
235
235
235
235
235
235
235
235
235
235
235
235
235
235
235
235
236
237
239
240
242
243
245
246
247
248
249
250
251
252
253
254
255
256
257
258
259
261
262
263
264
266
267
268
269
271
273
274
275
276
277
278
279
280
282
283
284
285
286
287
288
289
290
291
292
293
294
295
296
297
298
299
300
301
302
302
303
304
305
306
307
307
308
308
309
310
311
312
312
313
314
314
315
316
316
317
317
318
319
319
320
320
321
322
323
323
324
324
325
325
326
326
327
327
328
328
329
329
330
331
331
331
332
332
332
333
333
334
334
335
335
335
336
336
336
337
337
337
338
338
339
339
339
340
340
340
340
340
341
342
341
342
342
342
343
343
343
343
343
343
344
344
345
345
345
345
345
345
345
346
346
346
346
346
347
347
347
347
347
347
347
348
348
348
348
348
348
348
348
348
348
348
349
349
349
349
349
349
349
349
349
349
349
349
349
349
349
349
349
349
349
349
350
350
350
350
350
350
350
350
350
350
350
350
350
350
350
350
350
350
350
349
349
349
349
349
349
349
349
349
349
349
349
348
348
348
348
348
348
348
348
348
348
348
348
348
348
348
348
348
348
348
348
348
348
347
347
347
347
347
347
347
347
347
347
347
347
347
347
347
347
347
347
347
347
347
347
347
347
346
346
346
346
346
346
346
346
346
346
346
346
346
346
346
346
346
346
346
346
346
346
346
346
346
346
346
346
346
346
346
346
346
345
345
344
342
340
339
336
335
333
331
330
328
326
324
323
321
319
318
316
315
314
312
311
309
308
307
305
304
303
302
301
299
299
297
296
295
294
293
292
291
290
288
287
287
285
285
283
282
282
280
279
279
278
277
276
275
275
274
273
272
271
271
270
269
268
268
267
266
265
265
264
264
263
262
262
261
261
261
260
259
259
258
258
257
257
256
256
255
255
254
254
253
253
253
252
252
251
251
250
250
250
249
249
248
248
247
247
246
246
246
245
245
245
244
244
244
244
244
243
243
243
242
242
242
242
241
241
241
241
240
240
240
239
239
239
239
239
238
238
238
238
238
237
237
237
237
237
236
236
236
236
236
235
236
235
235
235
235
235
235
235
234
235
234
234
234
234
234
234
234
233
233
233
233
233
233
233
233
232
232
232
232
232
232
231
231
231
231
231
231
231
231
231
231
230
231
231
230
230
230
230
230
230
230
230
229
229
229
230
229
229
229
229
229
229
229
228
229
229
228
228
228
228
228
228
228
228
228
228
228
228
227
227
227
227
227
227
227
227
227
227
227
227
227
226
226
227
226
227
227
227
226
226
226
226
226
226
226
226
226
226
226
226
226
226
225
226
225
225
225
225
225
225
225
225
225
225
225
225
225
225
225
224
225
225
224
225
224
224
224
224
224
224
224
224
224
224
224
224
224
224
224
224
224
224
224
224
224
224
224
224
224
224
224
224
224
224
224
224
224
224
223
224
224
223
223
223
223
223
223
223
223
223
223
223
223
223
223
223
223
223
223
223
223
223
223
223
223
223
223
223
223
223
223
223
223
223
223
223
223
223
223
223
223
223
223
223
223
223
223
223
223
223
223
223
223
223
223
223
223
223
223
223
223
223
223
223
223
222
223
223
223
222
223
223
223
223
223
223
223
223
223
223
223
223
223
223
223
223
223
223
223
223
223
223
223
223
223
223
223
223
223
223
223
223
223
223
223
223
223
223
223
223
223
223
223
223
223
223
223
223
224
224
223
223
224
223
223
223
224
223
223
224
223
223
224
224
223
223
224
224
224
223
223
223
223
224
223
223
223
223
223
224
223
223
223
223
223
223
223
224
223
223
223
223
223
224
223
223
223
223
223
223
223
223
223
223
224
223
223
223
223
223
223
224
224
224
224
223
224
223
224
224
224
224
223
224
224
223
223
223
224
224
224
224
223
224
224
223
224
224
223
224
224
224
224
224
224
224
224
224
224
224
224
224
224
224
224
224
224
224
224
224
224
224
224
224
224
224
224
224
223
224
224
224
224
224
224
224
224
224
224
224
224
224
224
224
224
224
224
224
224
224
224
224
224
224
224
224
224
224
224
224
224
224
224
224
224
224
224
224
224
224
224
224
224
223
223
223
223
223
223
223
223
223
223
223
223
223
223
223
223
223
224
223
223
223
223
223
223
223
223
223
223
223
223
223
223
223
223
223
223
223
223
223
223
223
224
223
223
223
223
223
223
223
224
223
223
223
223
223
223
223
223
223
223
223
223
223
223
223
223
223
223
224
223
223
223
223
223
223
223
223
223
223
223
223
223
223
223
223
223
223
223
223
