353
356
354
354
354
354
355
355
355
355
356
357
357
358
359
359
358
359
359
359
360
360
360
360
361
361
361
362
362
362
363
364
365
365
366
366
366
366
366
366
367
367
367
368
368
369
369
369
369
370
370
370
371
373
373
374
374
375
375
375
375
375
375
376
376
376
376
377
377
377
378
379
379
379
379
380
379
379
380
380
380
380
380
381
382
382
383
383
383
383
384
384
384
384
385
385
385
385
384
385
386
385
385
386
386
386
386
386
386
386
387
387
387
388
388
388
389
389
389
390
390
390
390
391
391
391
391
391
391
391
391
391
391
391
391
391
391
391
391
391
391
391
391
390
390
390
389
389
388
388
388
388
388
388
388
389
389
390
390
390
390
391
391
392
391
391
390
389
389
388
388
387
387
387
387
388
388
389
389
389
390
390
390
391
391
391
391
391
391
392
392
393
393
393
394
394
394
394
394
394
394
394
394
394
393
392
391
390
390
389
389
390
390
390
391
391
391
391
391
391
391
392
394
395
395
395
396
395
395
395
395
395
394
394
394
395
395
395
395
395
395
395
395
395
394
395
394
394
395
395
395
395
395
395
395
395
395
394
394
394
394
395
395
395
395
395
396
395
395
395
395
396
396
396
396
396
396
396
396
396
397
397
397
397
397
397
397
396
396
396
396
396
396
396
396
397
397
397
398
398
399
399
399
400
400
400
400
400
401
401
401
401
401
401
401
401
400
401
401
401
401
402
402
402
402
401
401
401
401
402
402
402
402
403
403
403
403
403
403
404
404
404
404
404
405
405
403
404
405
404
404
404
404
404
404
404
404
403
404
403
403
403
403
403
403
403
403
403
403
404
404
404
404
404
405
405
405
404
404
404
404
404
404
404
404
405
405
405
405
405
405
405
406
406
406
406
407
407
407
407
407
407
407
407
407
406
406
406
406
406
407
406
407
407
407
407
407
407
407
407
407
407
407
407
408
408
408
408
408
408
407
407
407
407
407
407
406
406
406
407
407
407
407
407
407
407
408
408
408
407
407
406
406
407
406
407
407
407
407
407
407
408
408
408
408
408
409
408
408
409
408
408
408
407
407
407
407
407
408
408
408
408
409
408
409
409
409
409
409
408
408
408
408
408
408
409
409
409
408
408
407
408
407
408
407
408
407
408
407
407
407
407
408
407
407
408
407
407
406
407
406
406
406
406
406
406
407
407
407
408
407
407
407
408
408
409
408
408
408
408
408
409
408
408
405
407
407
407
407
408
407
405
405
405
406
406
405
406
406
406
406
406
406
405
405
405
405
404
404
404
404
404
404
404
403
404
404
405
404
404
404
404
403
404
404
404
403
403
403
403
403
402
402
402
402
402
403
403
403
403
403
402
402
403
403
403
403
404
404
404
403
403
402
402
402
402
402
403
403
403
403
403
403
404
404
405
405
405
405
405
405
405
405
405
405
405
405
406
404
405
406
407
406
406
406
405
407
405
405
405
405
407
407
406
407
405
406
406
406
405
405
405
405
405
405
406
405
405
405
404
404
403
404
403
405
405
405
405
405
404
404
404
405
405
406
406
406
406
406
405
405
405
405
405
404
404
404
404
404
403
403
403
403
403
403
403
402
403
403
403
403
403
404
404
404
404
404
405
404
404
404
405
405
404
404
404
403
403
403
403
403
403
403
402
402
402
403
403
402
402
403
402
403
403
403
403
403
403
403
403
402
403
402
402
402
402
402
401
401
401
400
400
400
400
401
401
402
402
402
402
402
402
402
401
401
401
401
401
401
400
400
400
400
400
401
401
401
400
399
400
400
401
401
401
401
401
401
401
401
401
400
401
401
401
400
400
400
400
400
400
400
400
400
399
400
400
400
401
400
400
400
400
399
399
400
400
401
400
400
399
399
400
401
400
399
400
399
399
399
400
400
400
400
400
400
400
400
400
401
401
399
400
400
399
400
399
399
399
399
399
399
399
399
399
400
400
400
401
401
401
401
401
401
401
401
400
399
399
399
399
398
398
398
398
398
399
398
398
399
399
399
399
399
399
398
398
397
397
397
397
398
399
399
400
400
400
400
400
400
400
400
400
400
400
400
400
400
400
400
400
400
400
400
400
400
400
400
400
399
399
399
399
399
398
398
398
397
397
397
398
398
399
399
399
400
400
399
400
399
399
399
399
399
399
398
398
398
398
398
398
398
397
397
397
397
397
398
398
398
398
398
398
397
396
396
396
395
395
395
396
396
397
397
398
398
398
398
398
398
398
398
398
399
398
397
397
397
397
397
397
397
396
395
395
395
394
395
395
396
395
395
395
395
395
396
395
394
394
394
395
395
395
395
395
395
395
396
397
397
397
397
397
397
397
397
397
397
397
397
396
396
397
397
397
397
397
397
397
396
396
396
395
396
396
396
395
395
395
395
395
395
394
394
394
395
395
395
396
396
396
396
396
395
395
395
395
395
395
395
395
395
395
396
396
396
396
396
396
396
396
396
396
396
396
396
396
396
396
395
395
395
395
395
395
396
396
396
396
396
396
396
396
395
395
395
395
395
395
395
395
395
395
395
395
395
395
395
395
394
394
394
394
395
395
395
395
395
395
395
395
395
395
395
395
395
394
394
394
394
393
393
393
393
393
393
394
394
394
393
393
393
393
394
395
395
395
405
401
401
402
401
402
399
402
403
404
404
407
412
416
415
414
413
412
411
408
406
403
401
400
400
400
402
402
402
401
402
401
401
399
397
395
394
397
397
399
400
400
401
399
398
396
394
392
391
390
390
390
389
385
380
377
376
376
376
376
376
377
379
378
377
376
374
376
375
373
372
372
371
370
369
369
368
368
368
367
369
369
368
369
370
371
370
371
367
365
366
367
367
365
364
363
365
368
369
369
368
365
365
365
366
369
371
369
364
360
358
356
355
354
354
356
356
356
357
357
356
353
351
350
350
350
350
350
349
349
349
350
350
350
350
349
349
348
347
347
346
346
346
346
346
345
344
344
344
343
343
343
343
342
342
342
342
342
342
342
341
341
341
341
341
341
340
340
341
341
341
341
341
341
342
343
344
345
345
346
347
347
347
346
345
344
343
342
342
342
343
343
343
343
342
341
345
347
348
346
343
342
345
345
345
345
345
344
344
344
344
344
344
344
343
343
343
343
343
343
342
342
342
341
341
341
340
340
340
340
340
340
340
340
340
339
339
338
339
338
338
338
338
338
338
339
339
339
339
339
339
339
338
338
338
338
338
338
338
338
338
339
339
339
339
338
338
338
339
342
342
341
342
342
341
340
340
340
340
341
342
343
344
346
347
346
345
345
345
346
345
343
343
342
342
342
343
343
343
342
342
342
343
344
344
344
343
343
342
342
342
342
342
342
342
342
342
342
342
343
343
343
343
343
343
343
343
343
343
343
343
343
343
343
344
343
343
343
343
343
342
343
342
342
343
342
342
342
342
343
344
344
344
344
343
343
343
343
343
343
343
343
343
343
343
344
344
344
344
344
344
340
340
341
341
341
341
341
341
341
341
341
342
342
342
342
342
342
342
343
343
344
343
343
343
344
345
345
345
345
346
346
346
346
346
346
346
346
346
346
346
346
346
347
347
347
347
347
347
347
347
347
348
349
349
349
349
349
349
349
349
349
349
349
350
350
350
351
351
351
351
351
351
351
351
350
350
350
350
350
350
350
350
350
350
351
351
351
350
351
351
351
351
351
351
351
351
351
351
351
351
352
352
352
352
352
352
352
353
353
353
354
354
354
354
354
354
354
354
354
354
354
354
354
354
354
354
355
355
355
355
355
355
355
355
356
356
356
356
356
356
356
356
356
356
356
356
356
356
357
357
357
357
357
357
357
357
357
357
357
358
359
362
363
364
366
367
367
366
365
365
366
366
364
363
366
368
368
368
368
368
368
367
366
365
365
364
364
363
363
363
363
363
363
362
362
360
360
360
360
361
360
360
359
358
358
358
359
359
360
361
361
359
355
353
353
353
353
353
354
353
352
350
351
352
355
358
359
359
358
358
357
356
354
353
353
354
354
354
354
354
353
352
351
350
350
349
348
348
348
348
348
348
348
348
347
347
347
348
348
351
351
352
352
352
352
353
353
354
354
355
355
355
355
355
356
357
354
354
354
353
353
353
353
353
353
354
355
356
356
356
356
356
355
354
353
352
351
351
353
358
360
361
361
360
359
359
357
356
355
354
354
354
353
353
353
354
355
357
358
357
357
357
357
356
356
356
355
355
355
355
354
356
355
356
355
356
356
355
354
354
355
355
354
355
354
354
353
353
354
354
354
354
354
354
354
354
354
354
354
354
354
354
354
354
355
356
356
358
359
361
362
363
363
364
364
364
364
364
364
363
362
361
360
359
358
359
359
359
359
359
359
360
360
360
359
359
360
359
360
360
360
359
359
359
359
359
359
359
359
359
359
359
359
359
359
359
360
360
360
360
360
359
359
359
359
359
359
360
360
360
360
359
359
360
359
360
359
360
359
360
360
360
360
359
360
360
360
361
360
361
362
365
365
365
366
365
366
366
366
365
364
364
365
367
369
363
370
361
362
362
362
362
361
362
363
362
362
362
361
361
361
361
363
364
365
365
365
364
364
364
365
366
367
369
370
370
371
371
371
371
371
371
371
371
371
371
371
370
370
370
370
371
372
373
374
374
375
375
376
377
378
377
378
377
377
377
377
377
376
375
375
376
377
378
378
378
378
379
379
379
379
378
378
377
376
376
376
376
377
379
379
381
381
382
382
382
382
382
382
382
382
381
382
383
384
383
384
385
385
385
385
385
384
383
382
383
383
384
384
385
385
385
384
384
385
386
386
387
388
388
388
387
388
387
387
386
387
387
387
387
386
386
386
387
387
387
387
387
388
388
388
388
388
388
389
389
389
389
389
389
389
389
389
390
390
391
391
390
391
391
391
391
392
393
394
394
392
392
391
391
391
390
391
391
391
391
391
391
391
391
391
390
390
390
391
391
390
390
390
391
390
391
391
390
391
389
389
390
390
389
391
390
390
391
391
392
392
392
392
391
392
391
391
391
391
390
390
390
391
391
392
392
391
391
391
392
392
392
393
394
394
394
394
394
395
395
395
395
395
395
394
394
394
394
394
393
393
393
393
393
393
393
393
392
392
392
392
392
392
392
393
393
393
393
392
393
393
393
393
393
392
392
395
397
396
396
395
395
395
395
395
395
395
396
396
396
396
396
396
395
395
395
394
394
394
395
395
396
396
396
397
397
397
396
397
396
396
396
396
396
396
395
395
394
393
393
392
392
391
391
391
391
390
390
390
390
389
390
390
389
389
389
388
388
389
389
388
388
389
390
391
390
390
390
390
390
389
389
388
389
389
389
389
389
389
389
388
388
388
388
388
387
387
387
387
386
386
386
386
386
385
385
385
385
385
384
384
383
383
382
382
381
381
381
381
381
380
381
382
384
386
389
390
390
389
388
387
386
386
385
385
385
385
385
385
385
385
385
385
385
384
384
384
383
383
382
382
382
382
382
381
381
381
381
380
380
380
380
380
380
380
380
380
380
380
380
380
380
379
379
379
379
379
379
379
379
379
379
379
379
378
378
378
378
378
378
378
378
377
377
377
377
376
376
376
376
376
376
376
375
375
375
375
375
375
375
375
375
375
375
375
375
375
375
375
375
375
375
374
374
374
374
374
374
374
374
374
374
374
374
374
374
374
374
374
374
374
374
374
374
374
374
374
374
374
374
374
374
374
374
374
374
374
374
374
374
374
374
374
374
374
374
374
374
374
374
375
375
375
375
375
375
375
375
375
375
375
375
375
376
376
376
377
377
377
377
377
376
376
375
376
375
375
375
375
375
375
375
375
375
375
375
375
375
376
375
375
375
375
375
375
375
375
375
375
375
375
375
375
374
374
374
374
374
374
374
374
374
374
374
374
373
374
374
374
374
374
374
374
374
374
374
374
374
374
374
374
374
374
374
374
374
373
374
373
374
373
373
374
373
373
373
373
373
373
373
374
373
373
373
373
373
373
373
373
373
373
373
374
374
374
374
374
373
373
373
373
373
374
374
373
374
373
374
373
374
374
374
374
374
374
374
374
374
374
374
374
374
374
374
373
373
374
373
374
373
374
373
374
374
373
373
373
374
374
373
373
373
373
373
373
373
373
373
373
373
373
373
373
373
373
373
373
373
373
373
373
373
373
373
373
373
373
373
373
373
373
373
373
373
373
373
373
373
373
373
373
373
373
373
372
373
373
373
373
373
373
373
373
373
373
373
372
372
373
372
372
372
372
372
372
372
372
372
372
372
372
372
372
372
372
372
373
372
372
372
372
372
372
372
372
372
372
372
372
372
372
372
372
372
372
372
372
372
372
372
372
372
372
372
372
372
372
372
372
372
372
372
372
372
372
372
372
372
372
372
372
372
372
372
372
372
372
372
372
372
372
372
372
372
372
373
373
374
374
374
374
391
420
411
460
450
414
397
386
379
373
365
361
358
357
358
363
364
357
354
349
347
343
341
340
343
341
340
337
334
332
330
327
330
326
323
321
318
315
313
310
312
309
307
305
303
301
300
299
298
300
298
296
294
293
291
290
289
288
287
289
288
287
285
284
283
282
281
280
279
278
278
277
279
278
278
277
276
275
274
273
273
272
270
269
268
267
267
269
268
267
266
266
265
264
263
262
261
260
259
259
258
257
257
256
256
258
258
257
256
256
255
255
254
254
253
252
251
251
251
250
250
250
249
248
248
247
247
246
246
246
248
248
247
247
246
246
246
245
245
245
244
244
244
244
244
244
243
242
242
242
242
241
241
241
240
240
240
240
240
239
239
239
239
239
238
238
238
237
237
238
238
238
238
238
237
237
236
236
236
235
235
235
236
236
236
236
236
235
235
235
235
235
235
235
235
235
235
235
234
238
238
238
238
237
237
237
238
238
238
238
238
238
238
238
238
238
237
237
234
234
234
234
234
235
236
236
238
239
237
237
236
236
236
236
235
236
236
236
236
236
236
235
235
235
235
235
236
236
236
236
236
236
236
236
236
236
236
236
236
236
236
236
236
236
236
236
236
236
235
236
235
235
235
235
235
235
235
235
236
236
236
236
236
236
236
236
236
235
236
236
236
236
236
236
235
235
235
236
236
236
236
236
236
236
236
236
236
236
237
236
237
238
240
239
237
239
240
242
244
246
244
246
247
249
251
248
251
254
256
258
260
261
259
261
264
266
268
269
271
273
272
274
276
277
279
280
282
283
284
285
282
284
285
287
288
290
291
293
294
293
294
296
297
298
300
300
301
303
304
305
306
308
304
306
307
308
309
310
311
312
314
315
316
317
318
318
319
321
318
319
321
322
324
326
328
330
331
332
333
334
336
337
337
338
340
341
342
342
343
345
346
347
346
346
347
348
349
349
350
351
352
352
352
353
353
354
355
355
357
358
357
358
359
360
361
361
362
361
361
361
362
362
362
363
363
363
362
363
363
364
365
365
366
367
367
368
367
368
368
369
370
370
370
370
370
371
371
371
371
371
371
372
372
372
372
373
373
374
374
375
375
376
376
377
378
378
379
379
379
379
379
380
380
380
380
380
381
380
380
381
381
381
382
381
382
383
382
382
382
382
383
383
383
383
383
383
383
383
384
384
384
385
385
386
386
386
387
387
387
387
387
387
387
387
388
388
388
388
389
389
389
390
390
390
390
390
391
391
391
391
391
390
391
390
390
390
389
390
390
391
391
391
391
392
392
392
392
392
392
392
392
392
392
393
393
393
394
394
394
394
394
395
395
395
395
396
396
396
396
396
397
396
397
397
396
397
396
396
397
397
397
397
397
397
397
397
397
398
398
398
398
398
398
398
398
399
398
399
399
399
399
399
400
399
400
400
400
400
400
401
401
401
401
401
401
401
401
401
401
401
401
401
401
402
402
402
402
402
403
403
403
403
403
403
403
403
403
403
403
403
403
403
404
403
403
403
404
404
404
404
404
404
404
405
404
404
404
405
405
405
406
406
406
406
406
406
406
406
406
406
406
406
407
406
406
406
407
407
408
408
408
406
406
406
407
406
405
406
404
403
402
402
402
402
402
403
402
400
399
397
396
396
395
395
395
394
393
393
393
393
394
395
396
396
395
395
395
394
394
394
394
395
395
393
391
390
390
390
392
393
393
391
391
392
392
392
392
391
389
389
390
390
389
389
388
387
385
384
384
384
384
384
385
386
385
384
383
382
382
382
382
381
382
382
381
381
381
381
379
378
379
379
380
380
379
379
378
378
378
379
380
381
381
381
381
381
382
380
378
376
375
375
376
377
377
377
377
378
380
380
379
378
378
378
378
378
379
379
380
380
380
380
379
378
376
376
376
376
376
376
376
376
377
375
374
373
372
370
369
369
370
373
375
376
376
376
377
376
375
374
373
373
373
374
375
375
375
375
376
376
375
374
374
372
372
369
369
370
371
372
374
376
377
378
378
375
374
374
375
376
377
377
377
376
376
375
373
373
373
372
372
373
375
376
378
380
382
381
382
381
381
381
378
379
379
379
381
383
385
386
387
388
386
385
383
380
382
382
382
383
385
387
388
390
392
392
391
389
386
384
382
384
385
386
385
385
387
390
391
391
390
389
387
385
383
381
379
378
377
379
379
379
383
388
390
391
393
393
392
392
394
392
389
386
384
385
387
385
385
383
381
381
380
380
378
376
375
375
377
377
376
376
375
375
376
376
378
379
379
380
380
378
375
373
